$ 1 0.000005 188.4969023643409 50 5 50 5e-11
w 400 256 400 240 0
w 400 208 400 80 0
w 448 240 448 80 0
w 400 80 448 80 0
w 400 80 288 80 0
w 448 352 288 352 0
w 288 224 352 224 0
f 352 224 400 224 32 1.5 0.02
415 448 272 448 352 0 0.5 1 0.15 0.15 0.02 0.05 10 0
s -192 288 -144 288 0 1 false
g -192 352 -192 368 0 0
c 240 256 240 288 0 0.00001 7.843137254898167 0.001
r 240 176 240 128 0 1000
w 240 80 288 80 0
w 256 224 288 224 0
f -224 144 -192 144 32 1.5 0.02
R -224 144 -272 144 0 0 40 3.3 0 0 0.5
w 256 224 240 224 0
w 288 224 288 240 0
s -144 288 -64 288 0 1 false
w -64 288 0 288 0
w 240 80 240 128 0
r 288 240 288 288 0 50000
w 240 224 240 256 0
r 176 224 80 224 0 100
w 0 224 0 240 0
s 240 176 240 224 0 0 false
s -144 128 -64 128 0 1 false
w -144 128 -192 128 0
t 464 256 496 256 0 1 -3.2937825413105783 0.7817980415973323 100 default
w 416 224 464 224 0
w 464 224 464 256 0
w 448 272 496 272 0
w 448 240 496 240 0
t 416 256 448 256 0 1 -3.2937825413105783 0.7817980415973323 100 default
w 400 256 416 256 0
w 416 224 416 256 0
s -144 352 -64 352 0 1 false
w -144 352 -192 352 0
w -64 352 -32 352 0
s -144 192 -64 192 0 1 false
w -64 128 0 128 0
w 0 128 0 224 0
g -192 192 -192 208 0 0
w -192 192 -144 192 0
w -192 160 -192 192 0
w -192 288 -192 352 0
w 0 240 0 288 0
w -64 192 -64 352 0
v 528 240 528 192 0 0 40 8 0 0 0.5
w 288 288 288 304 0
w 240 288 240 304 0
w 288 304 288 352 0
w 240 304 240 352 0
w 240 352 288 352 0
w 528 192 528 80 0
w 528 80 448 80 0
w 528 240 528 352 0
w 528 352 448 352 0
w 176 224 240 224 0
w 80 224 0 224 0
w -32 352 240 352 0
o 8 64 0 4099 5 3.2 0 2 8 3
o 11 64 0 4099 10 0.00009765625 1 2 11 3
